IDE:    1.8.19
BOARD:  UNO R3

\AverageAngle_performance\AverageAngle_performance.ino
AVERAGE_ANGLE_LIB_VERSION: 0.2.3

TIME: 27240
AVG:	49.499992
LEN:	0.877833

TIME: 28912
AVG:	66.717453
LEN:	45.491298

TIME: 27208
AVG:	2.376110
LEN:	0.005473

TIME: 27252
AVG:	49.500015
LEN:	0.900325


done...
